0 0.661831 0.549046 0.041609 0.062204
0 0.462776 0.322556 0.032854 0.060926
0 0.451880 0.379778 0.039146 0.054241
0 0.453279 0.435144 0.036859 0.057398
0 0.459560 0.493088 0.029661 0.080898
0 0.473734 0.537227 0.033833 0.073083
0 0.495047 0.579236 0.029885 0.082806
0 0.522841 0.607361 0.028786 0.080463
0 0.551172 0.622375 0.030125 0.076991
0 0.581495 0.623741 0.031000 0.078944
0 0.610799 0.611611 0.030089 0.079019
0 0.639682 0.585296 0.040823 0.064296
0 0.680862 0.503250 0.038193 0.069093
0 0.692266 0.451787 0.044563 0.054907
0 0.699161 0.396569 0.046958 0.053083
0 0.694375 0.339838 0.045594 0.061602
0 0.681724 0.288065 0.048094 0.055315
0 0.662513 0.244204 0.050276 0.052278
0 0.633115 0.209657 0.035219 0.068685
0 0.602740 0.189898 0.032594 0.072944
0 0.568651 0.188333 0.036396 0.064704
0 0.534958 0.203454 0.041542 0.053222
0 0.505552 0.230181 0.030729 0.061657
0 0.481023 0.269329 0.028620 0.075731
