1 0.949216 0.543824 0.049911 0.075574
0 0.559628 0.295972 0.061214 0.094093
0 0.594146 0.217014 0.049250 0.108009
0 0.636719 0.151148 0.052469 0.107185
0 0.689648 0.102870 0.076401 0.089185
0 0.918849 0.627759 0.074563 0.121093
0 0.881570 0.695259 0.060755 0.133370
0 0.836698 0.746398 0.054771 0.134185
0 0.787219 0.777079 0.052469 0.126824
1 0.536708 0.379519 0.034500 0.071204
1 0.532086 0.471532 0.031422 0.075583
1 0.541948 0.557519 0.032656 0.072296
1 0.562279 0.635838 0.033891 0.069009
1 0.594935 0.702653 0.035120 0.069009
1 0.635909 0.753042 0.038203 0.071194
1 0.683042 0.784259 0.041281 0.067907
1 0.734182 0.797403 0.042510 0.070102
1 0.746505 0.069532 0.048677 0.066824
1 0.805656 0.075556 0.049906 0.065722
1 0.860492 0.112801 0.052370 0.070102
1 0.908245 0.175231 0.052990 0.072296
1 0.942747 0.257389 0.051755 0.074481
1 0.960924 0.351042 0.051141 0.077769
1 0.962771 0.449079 0.049906 0.076676
