1 0.834182 0.657079 0.042542 0.067713
0 0.753555 0.201532 0.052151 0.117065
0 0.852193 0.348884 0.060719 0.114306
0 0.830344 0.284306 0.077479 0.094426
0 0.867560 0.504477 0.078245 0.080435
0 0.852687 0.585315 0.064802 0.111148
0 0.807594 0.723963 0.059979 0.112056
0 0.772156 0.774546 0.067854 0.082241
0 0.735576 0.813157 0.069380 0.085407
0 0.693911 0.832579 0.060740 0.107083
0 0.649964 0.840032 0.048042 0.123787
0 0.610333 0.823097 0.043469 0.122435
0 0.573242 0.786287 0.043974 0.117463
0 0.542378 0.729157 0.054391 0.084500
0 0.522307 0.662315 0.050833 0.092630
0 0.515068 0.580120 0.044990 0.109796
0 0.609044 0.257134 0.050703 0.125157
0 0.657336 0.214810 0.050026 0.096139
1 0.561107 0.313963 0.032307 0.068315
1 0.529820 0.396792 0.027547 0.073157
1 0.511625 0.487486 0.025844 0.077991
1 0.702586 0.182463 0.045911 0.061667
1 0.794240 0.220856 0.048292 0.061065
1 0.864789 0.419167 0.047307 0.070741
