0 0.594604 0.443949 0.050625 0.070991
0 0.482531 0.579759 0.046240 0.065167
0 0.471630 0.706468 0.037854 0.068991
0 0.521943 0.886417 0.041208 0.076241
0 0.667125 0.934755 0.038813 0.091991
0 0.749901 0.663023 0.045281 0.092843
1 0.526135 0.480093 0.026594 0.048981
1 0.557521 0.451130 0.027073 0.046426
1 0.499063 0.521833 0.024677 0.050685
1 0.467797 0.640241 0.023000 0.054944
1 0.474016 0.775699 0.024063 0.053231
1 0.492529 0.838556 0.024995 0.053000
1 0.552484 0.931958 0.031281 0.047769
1 0.591521 0.952986 0.031281 0.048009
1 0.630953 0.955838 0.032885 0.046583
1 0.702128 0.903903 0.032620 0.050509
1 0.728701 0.854324 0.032099 0.052389
1 0.746195 0.793755 0.031307 0.055657
1 0.754219 0.728273 0.029990 0.055657
1 0.740802 0.596384 0.031042 0.053787
1 0.720938 0.539324 0.030781 0.052852
1 0.694500 0.493486 0.029990 0.049102
1 0.663190 0.460046 0.029464 0.046778
1 0.628859 0.440403 0.028677 0.045843
