1 0.573852 0.279148 0.028651 0.050074
0 0.495732 0.406356 0.032453 0.101417
0 0.481143 0.538657 0.045245 0.065278
0 0.568039 0.755208 0.038234 0.084880
0 0.683922 0.768704 0.053417 0.078056
0 0.745664 0.687565 0.059818 0.062759
0 0.773469 0.565940 0.057625 0.069917
0 0.773010 0.498134 0.057802 0.065694
0 0.741820 0.373417 0.038964 0.097241
0 0.685935 0.294227 0.057443 0.060491
0 0.614685 0.272931 0.054328 0.064065
0 0.543159 0.313579 0.045547 0.080972
1 0.511771 0.352727 0.024979 0.053546
1 0.479565 0.472667 0.023266 0.056593
1 0.485812 0.609588 0.024979 0.053546
1 0.504299 0.672282 0.026693 0.053546
1 0.530870 0.725829 0.028406 0.050065
1 0.603849 0.786130 0.032323 0.048759
1 0.643521 0.790264 0.034281 0.045713
1 0.717479 0.742375 0.032813 0.046583
1 0.764620 0.633750 0.032083 0.053111
1 0.764008 0.432611 0.031349 0.055722
1 0.717602 0.324426 0.032078 0.051815
1 0.649398 0.268699 0.029391 0.050065
