1 0.496526 0.379023 0.026698 0.043843
0 0.520799 0.349398 0.030057 0.077593
0 0.577977 0.327454 0.043401 0.056759
0 0.679562 0.458653 0.030552 0.093787
0 0.683177 0.644106 0.030552 0.069620
0 0.641898 0.739106 0.028807 0.081806
0 0.583911 0.782338 0.031802 0.082694
0 0.527669 0.754509 0.050005 0.054093
0 0.480003 0.682148 0.048078 0.054315
0 0.466677 0.476611 0.035417 0.070056
0 0.479271 0.428389 0.040406 0.063630
1 0.459091 0.526764 0.025516 0.044991
1 0.460227 0.582583 0.025516 0.045241
1 0.467776 0.636894 0.026437 0.047250
1 0.501633 0.728130 0.027474 0.044759
1 0.555310 0.780903 0.026568 0.043009
1 0.617719 0.774560 0.025094 0.044898
1 0.671208 0.702838 0.020969 0.049769
1 0.696909 0.582519 0.016130 0.055833
1 0.695594 0.516444 0.016135 0.054259
1 0.666063 0.397000 0.020750 0.049185
1 0.640589 0.355713 0.023823 0.045870
1 0.610672 0.328782 0.025469 0.043528
1 0.548370 0.325366 0.027115 0.039824
