1 0.693685 0.863546 0.029464 0.051000
0 0.639870 0.434468 0.037375 0.052861
0 0.741534 0.484083 0.057641 0.061722
0 0.782630 0.703037 0.038042 0.095389
0 0.567508 0.819097 0.033391 0.087713
0 0.528719 0.735227 0.031229 0.081806
0 0.548794 0.519130 0.045745 0.057407
1 0.525667 0.563148 0.022677 0.047426
1 0.516432 0.620403 0.022219 0.047769
1 0.515310 0.678431 0.022047 0.051750
1 0.540974 0.783611 0.024115 0.051444
1 0.593078 0.853731 0.026354 0.051444
1 0.625945 0.870977 0.026766 0.049861
1 0.659846 0.874866 0.028693 0.051231
1 0.725398 0.838500 0.029078 0.052148
1 0.753060 0.801102 0.027276 0.050556
1 0.773391 0.753528 0.028562 0.052833
1 0.790115 0.637560 0.027531 0.051009
1 0.783682 0.577519 0.028823 0.048944
1 0.767664 0.522398 0.029974 0.044370
1 0.712083 0.442111 0.031010 0.034315
1 0.676318 0.423926 0.030750 0.031333
1 0.602096 0.438523 0.028880 0.034935
1 0.570083 0.468681 0.027042 0.037361
