1 0.496049 0.379065 0.025953 0.042444
0 0.520714 0.349093 0.030000 0.081037
0 0.578310 0.326713 0.044443 0.056056
0 0.679742 0.458750 0.030495 0.091815
0 0.683247 0.644236 0.030495 0.068750
0 0.642174 0.739866 0.029849 0.081898
0 0.583711 0.781741 0.031536 0.083519
0 0.527714 0.753940 0.050094 0.053287
0 0.480542 0.682074 0.047104 0.054444
0 0.466982 0.476977 0.035818 0.070139
0 0.479438 0.427838 0.039708 0.065065
1 0.459232 0.527028 0.026130 0.046093
1 0.460135 0.582417 0.026333 0.046093
1 0.467370 0.636912 0.026333 0.047880
1 0.501742 0.729287 0.027536 0.041093
1 0.555414 0.781102 0.027943 0.044667
1 0.617172 0.774815 0.025188 0.045093
1 0.670352 0.703546 0.021172 0.050981
1 0.696706 0.582625 0.016818 0.055787
1 0.695654 0.515625 0.017422 0.055787
1 0.666224 0.396569 0.020719 0.048843
1 0.640247 0.355060 0.023422 0.046454
1 0.610768 0.329116 0.024911 0.042213
1 0.548023 0.324963 0.026599 0.040833
