1 0.476198 0.385264 0.015760 0.048676
0 0.698979 0.303856 0.040052 0.061194
0 0.687841 0.256083 0.047057 0.055204
0 0.668000 0.218023 0.049260 0.048639
0 0.641263 0.189935 0.040901 0.065907
0 0.612812 0.176801 0.041448 0.064935
0 0.581143 0.178870 0.029547 0.072963
0 0.551391 0.198449 0.030229 0.061528
0 0.523349 0.230792 0.038167 0.048880
0 0.500505 0.277116 0.034062 0.053991
0 0.488260 0.329037 0.027635 0.055204
1 0.583159 0.605884 0.023641 0.039565
0 0.482654 0.443218 0.028453 0.055935
0 0.492091 0.498056 0.027089 0.070278
0 0.509055 0.539394 0.025443 0.068824
0 0.531753 0.575269 0.026276 0.079278
0 0.557815 0.595213 0.026964 0.075389
0 0.614247 0.595208 0.042953 0.055454
0 0.640299 0.577213 0.039276 0.063722
0 0.664854 0.547421 0.040781 0.061046
0 0.683526 0.507782 0.035719 0.071250
0 0.698029 0.460361 0.041464 0.062019
1 0.707555 0.353394 0.024620 0.043769
1 0.706570 0.407852 0.025411 0.043426
