0 0.480083 0.380565 0.029521 0.068259
1 0.644026 0.186977 0.027771 0.038324
1 0.551979 0.189000 0.024708 0.041352
1 0.484029 0.318343 0.017589 0.047907
1 0.477094 0.435843 0.016198 0.048907
1 0.524326 0.574014 0.020964 0.042861
1 0.550846 0.596963 0.023516 0.041352
1 0.579367 0.605787 0.024391 0.039833
0 0.504482 0.270690 0.028932 0.055472
0 0.526370 0.227106 0.039802 0.051546
0 0.585211 0.177093 0.031234 0.073796
0 0.616901 0.179782 0.041906 0.059972
0 0.669286 0.221486 0.042302 0.062787
0 0.687737 0.260139 0.032286 0.074963
0 0.700914 0.307931 0.036505 0.072157
0 0.707568 0.361931 0.046646 0.050843
0 0.705987 0.415227 0.045599 0.052009
0 0.696628 0.467940 0.040589 0.061380
0 0.681344 0.512926 0.038479 0.065130
0 0.660852 0.553454 0.028599 0.074963
0 0.636802 0.580981 0.032417 0.071926
0 0.609240 0.594301 0.035917 0.067639
0 0.505831 0.534241 0.036078 0.052481
0 0.491154 0.490648 0.026078 0.075519
