0 0.435549 0.500727 0.056453 0.081009
1 0.614094 0.172731 0.038771 0.064685
1 0.566992 0.182407 0.038432 0.067111
1 0.455443 0.332042 0.031625 0.070139
1 0.437078 0.585370 0.031625 0.070130
1 0.524482 0.786097 0.036391 0.068917
1 0.615625 0.825394 0.039115 0.062880
1 0.741286 0.726241 0.039448 0.066500
1 0.785839 0.582046 0.040812 0.068315
1 0.785839 0.416986 0.041490 0.069528
0 0.527203 0.220190 0.045229 0.114880
0 0.490302 0.269162 0.042167 0.119713
0 0.442521 0.415477 0.047271 0.108824
0 0.461904 0.666991 0.041151 0.126963
0 0.491323 0.728963 0.045573 0.104593
0 0.571922 0.810583 0.052375 0.119111
0 0.663578 0.808468 0.060875 0.108824
0 0.703706 0.777634 0.045911 0.119713
0 0.765773 0.660343 0.048974 0.123333
0 0.786010 0.498606 0.072438 0.081620
0 0.703198 0.222912 0.057135 0.114269
0 0.740776 0.275481 0.065635 0.103444
0 0.768138 0.343500 0.076214 0.078667
1 0.661367 0.184519 0.039453 0.065296
