0 0.634740 0.208704 0.035510 0.072000
0 0.580594 0.622704 0.030521 0.080870
0 0.610674 0.611745 0.031401 0.079824
0 0.639581 0.584616 0.042849 0.065213
0 0.661885 0.548616 0.041677 0.061046
0 0.679641 0.502968 0.040792 0.074083
0 0.692260 0.450009 0.043729 0.054778
0 0.699008 0.396796 0.048422 0.050611
0 0.694607 0.342269 0.047839 0.062611
0 0.681987 0.287750 0.047839 0.053741
0 0.662471 0.243662 0.050474 0.055306
0 0.602604 0.190190 0.032281 0.076694
0 0.550951 0.620356 0.029932 0.080343
0 0.521016 0.606792 0.029937 0.079306
0 0.494896 0.579144 0.028177 0.082435
0 0.474060 0.537926 0.033453 0.072000
0 0.458945 0.491750 0.030818 0.081907
0 0.453201 0.434838 0.035755 0.056361
0 0.452057 0.377532 0.038396 0.054491
0 0.462888 0.322259 0.032234 0.062315
0 0.480945 0.267778 0.029943 0.078593
0 0.505867 0.230667 0.032589 0.066389
0 0.534492 0.202171 0.042276 0.053231
0 0.567781 0.187611 0.036990 0.062944
