0 0.580568 0.451023 0.054312 0.072009
1 0.661570 0.286972 0.036818 0.061370
1 0.749708 0.248514 0.038198 0.064639
1 0.795964 0.257106 0.039583 0.063824
1 0.882029 0.332380 0.041422 0.067093
1 0.915169 0.730032 0.043266 0.068731
1 0.879497 0.797949 0.043724 0.060546
1 0.833706 0.846634 0.044182 0.056454
1 0.783307 0.870361 0.041885 0.053185
1 0.679060 0.844588 0.041422 0.052361
1 0.635568 0.799991 0.038198 0.058093
1 0.577578 0.671944 0.032677 0.062185
1 0.564688 0.521389 0.029917 0.063815
0 0.600818 0.387204 0.055229 0.072000
0 0.628432 0.333611 0.052469 0.081000
0 0.705065 0.265287 0.063057 0.080185
0 0.842680 0.290653 0.073182 0.076917
0 0.909875 0.402745 0.059375 0.109639
0 0.930128 0.475977 0.066734 0.100639
0 0.941172 0.555755 0.070417 0.112917
0 0.930357 0.643301 0.074557 0.091639
0 0.568141 0.595028 0.057073 0.075278
0 0.602430 0.734130 0.064891 0.075278
0 0.733370 0.858495 0.071802 0.091639
