1 0.502583 0.272333 0.025677 0.040204
0 0.481253 0.302509 0.039630 0.056463
0 0.626073 0.426560 0.019990 0.063231
0 0.626544 0.546731 0.021307 0.092759
0 0.594648 0.655556 0.026307 0.085704
0 0.572383 0.681685 0.027922 0.054870
0 0.442458 0.529352 0.037042 0.063759
0 0.441284 0.426407 0.028807 0.076296
1 0.438518 0.480111 0.025443 0.043185
1 0.449383 0.581324 0.025536 0.041833
1 0.462049 0.626023 0.024870 0.040824
1 0.479557 0.663301 0.025156 0.039139
1 0.449612 0.377995 0.024828 0.041713
1 0.500625 0.690287 0.024490 0.039907
1 0.524945 0.705106 0.024828 0.039306
1 0.550622 0.705259 0.024484 0.039000
1 0.619495 0.613199 0.014625 0.047769
1 0.636500 0.488343 0.008167 0.053204
1 0.621195 0.362727 0.015307 0.050491
1 0.603083 0.312995 0.019219 0.050787
1 0.579276 0.279593 0.021594 0.046259
1 0.553513 0.261755 0.024484 0.040806
1 0.527497 0.259185 0.024828 0.041111
1 0.462534 0.333704 0.024828 0.042019
