0 0.608365 0.176606 0.030594 0.070806
0 0.577583 0.181935 0.032750 0.055981
0 0.546469 0.201042 0.036000 0.047991
0 0.521664 0.236583 0.027380 0.060870
0 0.501544 0.278463 0.023130 0.070426
0 0.486487 0.334889 0.025255 0.057093
0 0.479693 0.392324 0.031646 0.056259
0 0.483820 0.448856 0.027911 0.056954
0 0.493898 0.503051 0.024005 0.081843
0 0.511305 0.544894 0.025057 0.068954
0 0.534120 0.577713 0.027427 0.078796
0 0.560628 0.597991 0.027693 0.076685
0 0.588451 0.603032 0.029276 0.073639
0 0.616471 0.594829 0.031516 0.072231
0 0.642781 0.574671 0.030854 0.070824
0 0.667242 0.542551 0.043120 0.051602
0 0.683661 0.500819 0.043781 0.051602
0 0.697047 0.454282 0.041802 0.058398
0 0.704034 0.402241 0.044703 0.049963
0 0.707266 0.349606 0.047208 0.050194
0 0.699880 0.298620 0.046948 0.051833
0 0.685440 0.251847 0.047870 0.047843
0 0.665461 0.215278 0.048266 0.049722
0 0.638034 0.186792 0.035078 0.069657
