1 0.557750 0.450880 0.027521 0.047685
1 0.499443 0.522787 0.025500 0.051741
1 0.468224 0.640412 0.023510 0.056361
1 0.474615 0.775056 0.024729 0.056556
1 0.492594 0.837556 0.026469 0.054185
1 0.518862 0.891505 0.028474 0.051806
1 0.590383 0.953060 0.031151 0.048954
1 0.629617 0.955912 0.032620 0.048009
1 0.701669 0.904935 0.031547 0.049667
1 0.745917 0.795375 0.030208 0.053472
1 0.740839 0.596819 0.029406 0.053713
1 0.694987 0.493440 0.030214 0.048954
1 0.628547 0.440921 0.028875 0.046102
0 0.529130 0.486616 0.044354 0.077861
0 0.482839 0.573593 0.031604 0.095111
0 0.469560 0.705352 0.044026 0.063315
0 0.554833 0.922486 0.038115 0.090991
0 0.669456 0.932986 0.051182 0.082083
0 0.728245 0.850426 0.058521 0.065852
0 0.752674 0.728731 0.055120 0.070630
0 0.751151 0.660972 0.055656 0.063630
0 0.718849 0.541662 0.036510 0.090991
0 0.664427 0.465157 0.054667 0.060000
0 0.595682 0.444176 0.052177 0.057796
