0 0.521437 0.661315 0.051146 0.096204
1 0.865047 0.419134 0.044677 0.070546
1 0.834771 0.654546 0.040563 0.066889
1 0.512180 0.484718 0.024984 0.076287
1 0.530112 0.394056 0.027922 0.073685
1 0.561560 0.312796 0.031453 0.066889
0 0.608591 0.254273 0.050266 0.123324
0 0.657091 0.211944 0.049089 0.098241
0 0.753354 0.199144 0.052906 0.112343
0 0.830365 0.283273 0.075833 0.089361
0 0.852115 0.347287 0.058198 0.114963
0 0.866958 0.501958 0.077896 0.080472
0 0.853143 0.580579 0.062609 0.108213
1 0.795974 0.219782 0.047031 0.058528
0 0.807729 0.722736 0.058198 0.111306
0 0.774518 0.771856 0.072307 0.079954
0 0.735276 0.811310 0.069073 0.086750
0 0.693391 0.832213 0.060552 0.106593
0 0.649448 0.838486 0.049677 0.123324
0 0.609031 0.822259 0.041740 0.121278
0 0.572732 0.785676 0.043797 0.118148
0 0.540253 0.729273 0.055849 0.085694
0 0.515120 0.576403 0.043792 0.107176
1 0.703531 0.180329 0.045563 0.059046
