0 0.580589 0.622125 0.030656 0.080491
0 0.550286 0.621074 0.029479 0.080907
0 0.521518 0.606403 0.028536 0.079231
0 0.640081 0.585056 0.041172 0.064852
0 0.494755 0.578949 0.026885 0.083843
0 0.473768 0.537866 0.033484 0.068750
0 0.458677 0.491120 0.030656 0.080074
0 0.452956 0.433917 0.034859 0.056981
0 0.451914 0.377380 0.039141 0.055667
0 0.487510 0.310509 0.032781 0.013259
0 0.462435 0.321273 0.032297 0.060454
0 0.480784 0.268106 0.029359 0.082417
0 0.505310 0.229829 0.032661 0.068065
0 0.534604 0.203514 0.041344 0.051972
0 0.611125 0.611019 0.031365 0.080907
0 0.568000 0.187532 0.036698 0.062194
0 0.661784 0.548648 0.040151 0.060148
0 0.680841 0.502991 0.038724 0.067389
0 0.692154 0.452634 0.044224 0.052176
0 0.698776 0.396833 0.046875 0.053630
0 0.694698 0.341764 0.046875 0.057972
0 0.681758 0.287417 0.048297 0.054352
0 0.662125 0.245190 0.051271 0.053787
0 0.633260 0.208398 0.040406 0.069426
0 0.602529 0.188782 0.032599 0.074861
