0 0.515174 0.748435 0.043964 0.080519
1 0.469698 0.390519 0.027510 0.053407
1 0.494221 0.340005 0.028776 0.052120
1 0.525081 0.301231 0.029682 0.050519
1 0.599286 0.269056 0.030406 0.049870
1 0.637115 0.278384 0.031854 0.051806
1 0.673219 0.303481 0.030948 0.053093
1 0.704711 0.344991 0.030589 0.054370
1 0.729326 0.399852 0.030224 0.056630
1 0.750771 0.533861 0.030406 0.058241
1 0.745612 0.605449 0.030224 0.055991
1 0.729326 0.671250 0.032036 0.055019
1 0.703534 0.728356 0.031495 0.050194
1 0.631411 0.794162 0.032760 0.046009
1 0.590148 0.800435 0.033120 0.045685
1 0.549969 0.786597 0.032396 0.045694
1 0.483453 0.708250 0.028958 0.051796
1 0.461734 0.650014 0.027510 0.051157
1 0.446081 0.517130 0.025880 0.055019
0 0.455310 0.451972 0.051401 0.065315
0 0.453503 0.583088 0.042714 0.072713
0 0.562786 0.281634 0.051104 0.082509
0 0.741969 0.465231 0.049510 0.085648
0 0.667260 0.765208 0.041740 0.094343
