1 0.479638 0.662972 0.025536 0.039296
1 0.438370 0.480634 0.024490 0.040213
1 0.449508 0.378296 0.024995 0.041722
1 0.462432 0.334157 0.025333 0.041111
1 0.502820 0.271731 0.025172 0.039611
1 0.527138 0.258431 0.025172 0.039602
1 0.553664 0.261449 0.023807 0.039602
1 0.579685 0.280347 0.022443 0.044139
1 0.602896 0.312694 0.018198 0.048981
1 0.622708 0.361523 0.015990 0.055324
1 0.636706 0.487167 0.008130 0.052167
1 0.619622 0.613407 0.015120 0.046296
1 0.550964 0.704755 0.023625 0.038843
1 0.524924 0.705315 0.025151 0.038611
1 0.500786 0.690412 0.025406 0.039065
1 0.462424 0.626162 0.026422 0.042009
1 0.449151 0.580889 0.025531 0.044037
0 0.626253 0.427134 0.020422 0.062454
0 0.625479 0.546468 0.021469 0.093491
0 0.595654 0.656218 0.026526 0.087065
0 0.572526 0.681616 0.028229 0.059250
0 0.443029 0.529394 0.035880 0.063787
0 0.441414 0.425852 0.028911 0.077389
0 0.480781 0.302810 0.041323 0.056231
