0 0.589773 0.392523 0.054307 0.082639
0 0.945086 0.581935 0.086526 0.088370
0 0.948536 0.495616 0.084229 0.085917
0 0.938180 0.410111 0.089286 0.085093
0 0.917701 0.334431 0.078703 0.090824
0 0.885021 0.272241 0.085146 0.094093
0 0.835776 0.226426 0.064896 0.107185
0 0.781005 0.209241 0.055688 0.110463
0 0.725315 0.221102 0.055693 0.116185
0 0.671466 0.262833 0.052005 0.091648
0 0.624982 0.319699 0.056609 0.079361
0 0.934039 0.665394 0.084682 0.078546
0 0.899521 0.739032 0.081927 0.086731
0 0.863161 0.799176 0.080083 0.085907
0 0.823349 0.847037 0.050167 0.129278
0 0.775943 0.865449 0.055688 0.121917
0 0.729919 0.881407 0.046484 0.134185
0 0.683435 0.866269 0.048328 0.126815
0 0.640862 0.835991 0.044182 0.133370
0 0.604500 0.778718 0.043260 0.126824
0 0.574354 0.717764 0.058448 0.081824
0 0.560776 0.644532 0.047865 0.097361
0 0.553643 0.558620 0.054766 0.084278
0 0.564690 0.474750 0.058453 0.083463
