1 0.471216 0.557782 0.026297 0.048139
0 0.538260 0.359917 0.033333 0.073463
0 0.587992 0.357801 0.028078 0.071046
0 0.615625 0.381991 0.035385 0.087370
0 0.623802 0.793755 0.027885 0.064602
0 0.572531 0.827519 0.044354 0.058352
0 0.504185 0.758426 0.034151 0.075537
0 0.496669 0.414912 0.046109 0.059528
1 0.475078 0.504005 0.025781 0.046287
1 0.484148 0.453333 0.026818 0.045370
1 0.517523 0.373847 0.026307 0.039417
1 0.564995 0.341597 0.024521 0.039417
1 0.642534 0.421519 0.019036 0.053537
1 0.660784 0.480338 0.014109 0.056528
1 0.671870 0.551398 0.008063 0.053741
1 0.672820 0.625148 0.007057 0.057130
1 0.665542 0.695412 0.011083 0.056731
1 0.649867 0.755227 0.016911 0.055731
1 0.603615 0.825403 0.023708 0.047213
1 0.550630 0.824361 0.027073 0.046056
1 0.526599 0.800412 0.027208 0.045139
1 0.489742 0.718880 0.026557 0.046056
1 0.478602 0.667981 0.026818 0.046981
1 0.472255 0.613287 0.025781 0.045833
