1 0.388599 0.349958 0.036792 0.060806
0 0.632451 0.509269 0.052505 0.095537
0 0.437120 0.890588 0.061167 0.088472
0 0.317430 0.532222 0.056224 0.083778
0 0.331083 0.461625 0.058865 0.082991
0 0.357727 0.399648 0.042568 0.106741
1 0.307797 0.608662 0.034635 0.064287
1 0.313758 0.685667 0.036172 0.064056
1 0.330440 0.759083 0.036047 0.062481
1 0.357659 0.821347 0.036161 0.060657
1 0.393557 0.869630 0.037188 0.058870
1 0.480276 0.907069 0.037823 0.058417
1 0.525070 0.893903 0.036224 0.058991
1 0.566594 0.859593 0.035635 0.061259
1 0.601557 0.806505 0.032958 0.063935
1 0.626984 0.738398 0.031948 0.065130
1 0.641883 0.662282 0.030318 0.067250
1 0.644865 0.583741 0.030573 0.066796
1 0.617255 0.434264 0.032417 0.064491
1 0.587729 0.375991 0.033427 0.063111
1 0.551323 0.332917 0.035760 0.059889
1 0.511549 0.309653 0.034984 0.057583
1 0.468927 0.303875 0.037312 0.059009
1 0.427466 0.317486 0.036797 0.059417
