1 0.311922 0.218898 0.041427 0.076093
0 0.656326 0.456505 0.064432 0.083454
0 0.645049 0.543236 0.058453 0.091639
0 0.319195 0.637329 0.056609 0.112917
0 0.296411 0.558782 0.067198 0.086731
0 0.439779 0.090352 0.049245 0.120278
0 0.391682 0.109991 0.047865 0.133370
1 0.489758 0.077806 0.040974 0.071426
1 0.539083 0.099722 0.040969 0.071426
1 0.583836 0.142157 0.038984 0.068593
1 0.620232 0.204741 0.037786 0.072130
1 0.647081 0.281824 0.035005 0.072130
1 0.347060 0.152778 0.041901 0.074481
1 0.661203 0.369157 0.034604 0.072833
1 0.626396 0.626569 0.036594 0.065769
1 0.591193 0.691625 0.037792 0.065769
1 0.547237 0.739361 0.039776 0.063648
1 0.498708 0.764111 0.040573 0.060815
1 0.448589 0.766940 0.040573 0.059398
1 0.399263 0.745370 0.039776 0.061519
1 0.354510 0.702236 0.040177 0.065769
1 0.276547 0.476296 0.038583 0.072130
1 0.275333 0.385403 0.040042 0.075269
1 0.287990 0.299079 0.040500 0.074454
