1 0.530826 0.764889 0.028339 0.042907
0 0.575286 0.327755 0.050594 0.053102
0 0.657724 0.395477 0.034438 0.066102
0 0.688201 0.508176 0.031391 0.062852
0 0.685763 0.633606 0.035047 0.062306
0 0.647971 0.731940 0.039922 0.085602
0 0.588727 0.781102 0.035714 0.083093
0 0.487094 0.689657 0.047031 0.054870
0 0.472281 0.641829 0.046229 0.052694
0 0.459167 0.536042 0.043698 0.061676
0 0.476456 0.431421 0.030411 0.081194
1 0.463633 0.481023 0.025786 0.046065
1 0.460331 0.591565 0.025276 0.045389
1 0.504974 0.734514 0.027198 0.043583
1 0.559857 0.782505 0.026422 0.042454
1 0.622099 0.771213 0.024896 0.045167
1 0.674682 0.695218 0.020594 0.051713
1 0.697154 0.572537 0.014599 0.054259
1 0.682443 0.442745 0.018333 0.052306
1 0.635672 0.349255 0.024260 0.044898
1 0.605701 0.326519 0.025578 0.043130
1 0.542859 0.327833 0.026188 0.041500
1 0.515820 0.350861 0.027328 0.041667
1 0.492979 0.385963 0.025729 0.042463
