0 0.533823 0.297532 0.040917 0.092620
0 0.478669 0.379083 0.052099 0.062704
0 0.449396 0.567292 0.051406 0.064546
0 0.542057 0.773671 0.052000 0.072417
0 0.721284 0.681227 0.040734 0.102046
0 0.679992 0.317745 0.059286 0.068306
1 0.456096 0.438481 0.026693 0.055407
1 0.446841 0.504593 0.027620 0.059259
1 0.457948 0.637773 0.027927 0.056231
1 0.478396 0.696616 0.030552 0.053769
1 0.506865 0.746681 0.031323 0.050750
1 0.582086 0.797977 0.033943 0.047454
1 0.623130 0.797972 0.034562 0.046907
1 0.662708 0.776167 0.035333 0.048833
1 0.697581 0.738037 0.033484 0.052667
1 0.743180 0.619394 0.031786 0.058435
1 0.750815 0.548898 0.031016 0.063370
1 0.746727 0.478671 0.030859 0.062269
1 0.733227 0.412014 0.031630 0.060620
1 0.710078 0.355500 0.032250 0.058981
1 0.644724 0.283023 0.033385 0.057454
1 0.607052 0.270329 0.033385 0.054917
1 0.568758 0.273819 0.032495 0.053639
1 0.499638 0.330523 0.029401 0.054380
