0 0.314370 0.318875 0.043938 0.114583
0 0.302177 0.541162 0.043938 0.118028
0 0.382792 0.719917 0.063490 0.079833
0 0.465924 0.754671 0.059807 0.079824
0 0.509089 0.741769 0.048969 0.091185
0 0.627378 0.385898 0.061411 0.073241
0 0.611182 0.314500 0.062188 0.076926
0 0.547961 0.203481 0.044568 0.099037
0 0.507263 0.173310 0.045630 0.100417
0 0.462969 0.157421 0.047677 0.105491
1 0.292547 0.387310 0.034490 0.067287
1 0.289411 0.468528 0.035833 0.066481
1 0.316510 0.622208 0.035833 0.062509
1 0.345826 0.681782 0.036568 0.062139
1 0.423555 0.754745 0.036745 0.060083
1 0.550997 0.718875 0.034797 0.060269
1 0.584573 0.671208 0.033833 0.060880
1 0.611659 0.610880 0.032797 0.063463
1 0.627742 0.540218 0.031755 0.066046
1 0.634385 0.462181 0.031344 0.066417
1 0.586753 0.245769 0.034453 0.062352
1 0.337294 0.245106 0.036776 0.064102
1 0.373799 0.193278 0.038026 0.063148
1 0.416188 0.160935 0.038292 0.059259
