1 0.557143 0.279097 0.030672 0.050306
0 0.454203 0.458713 0.049656 0.065296
0 0.487703 0.707218 0.057479 0.066509
0 0.671505 0.760306 0.047031 0.094593
0 0.724792 0.396375 0.057479 0.075583
0 0.594956 0.272727 0.038599 0.099157
1 0.467852 0.396694 0.029224 0.055000
1 0.491779 0.344889 0.029568 0.054093
1 0.446143 0.525231 0.028203 0.058648
1 0.450076 0.592079 0.029568 0.056213
1 0.463312 0.656347 0.029073 0.054694
1 0.517924 0.759356 0.033005 0.049231
1 0.554677 0.788370 0.034698 0.051352
1 0.595273 0.800375 0.033161 0.045583
1 0.635953 0.793236 0.033500 0.047102
1 0.707823 0.723208 0.032646 0.053509
1 0.732346 0.665921 0.033859 0.056824
1 0.746797 0.598463 0.030594 0.058037
1 0.751154 0.528130 0.029745 0.058981
1 0.744479 0.458074 0.029760 0.058648
1 0.701836 0.340935 0.031297 0.056519
1 0.669245 0.300806 0.032083 0.052407
1 0.632852 0.276796 0.032620 0.053370
0 0.524716 0.312398 0.050776 0.070833
