0 0.576586 0.303116 0.064818 0.088806
0 0.721849 0.194074 0.070219 0.095556
0 0.808495 0.243509 0.074615 0.098981
0 0.836635 0.298593 0.055646 0.113593
0 0.857500 0.366037 0.062604 0.109093
0 0.866987 0.447542 0.080307 0.077620
0 0.864932 0.527352 0.076198 0.079870
0 0.850544 0.605097 0.067745 0.098898
0 0.670867 0.201940 0.052047 0.107917
0 0.828508 0.676384 0.066870 0.103639
0 0.797732 0.739940 0.047839 0.122231
0 0.763049 0.788319 0.055328 0.120287
0 0.721719 0.815231 0.061438 0.107407
0 0.562914 0.769125 0.052870 0.084954
0 0.536378 0.715602 0.038578 0.131759
0 0.514065 0.558102 0.046682 0.122833
0 0.544904 0.378481 0.046495 0.085352
1 0.515885 0.459361 0.023635 0.070741
1 0.616591 0.230028 0.037818 0.061556
1 0.765357 0.195667 0.044703 0.053704
1 0.677060 0.837593 0.036839 0.070537
1 0.512232 0.638681 0.023620 0.073769
1 0.633958 0.835912 0.034719 0.071380
1 0.593500 0.813773 0.031000 0.069972
