0 0.359753 0.296384 0.067161 0.085435
0 0.342893 0.378833 0.070141 0.079315
0 0.491716 0.751329 0.045943 0.113250
0 0.586823 0.740477 0.046167 0.117583
0 0.631326 0.703185 0.046391 0.114037
0 0.647339 0.170245 0.048344 0.122435
1 0.380422 0.217648 0.038365 0.071963
1 0.414951 0.153699 0.039516 0.066843
1 0.458594 0.109880 0.040865 0.067870
1 0.507510 0.086861 0.041625 0.065481
1 0.557771 0.087199 0.040865 0.066843
1 0.606974 0.111755 0.041052 0.070250
1 0.685242 0.228222 0.037984 0.074685
1 0.710086 0.310065 0.036255 0.074685
1 0.720349 0.400102 0.036063 0.076056
1 0.717086 0.491838 0.035297 0.073324
1 0.700589 0.579315 0.036063 0.071611
1 0.672484 0.653657 0.037406 0.068889
1 0.540891 0.767394 0.039708 0.061731
1 0.445932 0.733463 0.040094 0.062759
1 0.405552 0.685037 0.038365 0.066167
1 0.373229 0.622454 0.037021 0.067185
1 0.351359 0.545727 0.037021 0.068546
1 0.340138 0.461829 0.037214 0.070602
