1 0.553482 0.089542 0.043755 0.086991
0 0.655117 0.861417 0.069609 0.137185
0 0.778828 0.711852 0.060865 0.140722
0 0.799513 0.622042 0.073589 0.119509
0 0.801701 0.349074 0.084328 0.096889
0 0.786586 0.259616 0.075578 0.128713
0 0.508336 0.148593 0.056089 0.124463
0 0.417839 0.424389 0.055688 0.120222
0 0.435143 0.314778 0.052109 0.128704
1 0.815026 0.437116 0.048135 0.077787
1 0.814628 0.534000 0.046536 0.076370
1 0.744021 0.783278 0.048531 0.075667
1 0.701260 0.838792 0.046542 0.077787
1 0.600023 0.880509 0.046141 0.079204
1 0.546521 0.862125 0.042563 0.082028
1 0.497594 0.815097 0.040969 0.085565
1 0.455430 0.742259 0.036995 0.086981
1 0.424404 0.646792 0.033016 0.091231
1 0.408492 0.537181 0.031422 0.092639
1 0.457818 0.211176 0.036198 0.091222
1 0.752971 0.180060 0.047339 0.078491
1 0.710807 0.121009 0.047333 0.076370
1 0.662674 0.083176 0.047339 0.078500
1 0.608578 0.072218 0.044948 0.080620
