1 0.750706 0.527421 0.029349 0.057583
1 0.467977 0.396722 0.028047 0.053722
1 0.491398 0.345056 0.029786 0.053722
1 0.446286 0.524852 0.027469 0.056556
1 0.449896 0.592065 0.025750 0.055778
1 0.463565 0.657611 0.029641 0.054241
1 0.516987 0.758366 0.032099 0.049602
1 0.553857 0.788315 0.033828 0.044722
1 0.594268 0.800264 0.034266 0.045491
1 0.635185 0.792681 0.033974 0.045750
1 0.707042 0.722509 0.032240 0.051407
1 0.731911 0.664681 0.031375 0.055009
1 0.746802 0.598106 0.030219 0.058083
1 0.743911 0.457255 0.030219 0.058602
1 0.701620 0.339912 0.031521 0.054750
1 0.669234 0.300199 0.032677 0.052435
1 0.633016 0.276560 0.031667 0.052435
1 0.556966 0.279255 0.030797 0.051157
0 0.454815 0.458551 0.051526 0.068694
0 0.487206 0.706009 0.056818 0.062981
0 0.671031 0.760319 0.044667 0.091306
0 0.725404 0.396954 0.056516 0.073981
0 0.594852 0.271699 0.038130 0.097380
0 0.525273 0.310597 0.048870 0.070361
