0 0.472852 0.289074 0.030870 0.065056
0 0.495745 0.241130 0.031219 0.079537
0 0.524099 0.210144 0.031740 0.066898
0 0.675242 0.271190 0.050297 0.055806
0 0.690503 0.319593 0.049255 0.058889
0 0.696401 0.376019 0.046135 0.065667
0 0.684805 0.484736 0.044370 0.055157
0 0.669818 0.531903 0.035375 0.074343
0 0.647484 0.571343 0.039271 0.063685
0 0.623273 0.602384 0.039422 0.068213
0 0.463716 0.509704 0.037922 0.064481
0 0.453297 0.458412 0.038073 0.070083
0 0.451865 0.394977 0.031094 0.078991
1 0.453786 0.337782 0.022990 0.046546
1 0.554880 0.183014 0.027927 0.036843
1 0.589492 0.180431 0.029839 0.036843
1 0.623148 0.194120 0.029245 0.038667
1 0.652396 0.222731 0.027781 0.040500
1 0.698607 0.430431 0.025130 0.046769
1 0.592690 0.622097 0.025786 0.043361
1 0.561380 0.626051 0.026417 0.043139
1 0.530195 0.616111 0.025276 0.044037
1 0.502185 0.591954 0.023880 0.044037
1 0.478490 0.555931 0.021990 0.044713
