1 0.363326 0.321880 0.031620 0.047611
0 0.339885 0.367375 0.056229 0.057120
0 0.298586 0.540722 0.055870 0.059481
0 0.360263 0.756671 0.057099 0.065380
0 0.526615 0.725699 0.035979 0.099787
0 0.527979 0.353213 0.047229 0.065722
0 0.394812 0.298162 0.042198 0.085676
1 0.316714 0.417287 0.032323 0.053333
1 0.303268 0.477551 0.031953 0.052639
1 0.302766 0.606032 0.030948 0.053231
1 0.314729 0.667440 0.031448 0.051750
1 0.335297 0.720528 0.032469 0.052037
1 0.394599 0.791454 0.033302 0.050556
1 0.430073 0.802019 0.031615 0.049667
1 0.466625 0.795324 0.030115 0.048778
1 0.501003 0.770046 0.026932 0.050556
1 0.555620 0.673093 0.022083 0.056500
1 0.570341 0.607532 0.020411 0.059213
1 0.575193 0.537185 0.020406 0.059481
1 0.569758 0.466106 0.021245 0.058287
1 0.555109 0.402019 0.023104 0.055611
1 0.501245 0.309079 0.028458 0.052343
1 0.466617 0.287370 0.030797 0.051148
1 0.430565 0.282773 0.031630 0.050880
