1 0.438753 0.155551 0.052932 0.072231
0 0.288229 0.360037 0.090635 0.108833
0 0.382779 0.211449 0.062411 0.145417
0 0.503091 0.156579 0.064620 0.143306
0 0.561760 0.177287 0.062583 0.149037
0 0.668893 0.762125 0.080266 0.102787
0 0.588872 0.893292 0.076734 0.118935
0 0.426253 0.930894 0.084016 0.105287
1 0.325750 0.260815 0.050771 0.082148
1 0.261951 0.453750 0.047818 0.087870
1 0.254161 0.562875 0.046208 0.091213
1 0.263562 0.669852 0.046740 0.092167
1 0.288544 0.764412 0.046203 0.091213
1 0.325492 0.843597 0.045547 0.088472
1 0.373250 0.902815 0.045948 0.088463
1 0.485219 0.946694 0.044750 0.087037
1 0.540805 0.932958 0.045953 0.085972
1 0.638727 0.838782 0.044349 0.083120
1 0.700029 0.675042 0.045349 0.084546
1 0.712771 0.578546 0.045552 0.089185
1 0.710464 0.476875 0.046156 0.084898
1 0.693906 0.378597 0.047156 0.081694
1 0.662906 0.290306 0.048958 0.078481
1 0.618659 0.218778 0.049964 0.076704
