0 0.578268 0.200648 0.053391 0.088370
0 0.656047 0.185917 0.042344 0.111278
0 0.695172 0.199829 0.042344 0.109639
0 0.763057 0.273065 0.052927 0.102278
0 0.805630 0.395796 0.064438 0.079370
0 0.810464 0.536116 0.063052 0.086731
0 0.801258 0.605259 0.073182 0.071185
0 0.697010 0.731264 0.049708 0.085917
0 0.491049 0.483343 0.044641 0.071185
0 0.505086 0.555755 0.038661 0.078546
0 0.530172 0.623259 0.041885 0.076093
0 0.606112 0.715306 0.044641 0.085093
1 0.538685 0.229694 0.029453 0.063000
1 0.511070 0.278787 0.028536 0.063000
1 0.491740 0.340157 0.025771 0.063000
1 0.482305 0.412977 0.026234 0.066269
1 0.613706 0.176921 0.029453 0.060546
1 0.559398 0.687079 0.034057 0.054824
1 0.650065 0.744764 0.038661 0.044176
1 0.739354 0.715306 0.039583 0.049093
1 0.775253 0.669894 0.040505 0.051546
1 0.732451 0.223560 0.035901 0.058917
1 0.791823 0.328292 0.034979 0.063824
1 0.818057 0.466977 0.037740 0.061361
