1 0.312161 0.378454 0.039490 0.067333
1 0.289474 0.451639 0.038125 0.067407
1 0.276823 0.534792 0.038833 0.071269
1 0.289154 0.703366 0.041672 0.071954
1 0.313359 0.778194 0.042010 0.071537
1 0.347732 0.840435 0.041318 0.066315
1 0.390724 0.883407 0.041990 0.066019
1 0.438737 0.905569 0.042995 0.067509
1 0.535927 0.875972 0.039313 0.066019
1 0.611458 0.763264 0.035802 0.071380
1 0.634461 0.686384 0.034630 0.072861
1 0.644914 0.600588 0.032786 0.072565
1 0.642826 0.514042 0.032953 0.073750
1 0.628187 0.431222 0.033458 0.069889
1 0.602174 0.360139 0.035630 0.069889
0 0.279841 0.623282 0.048620 0.128194
0 0.483755 0.896398 0.060469 0.112278
0 0.573336 0.827921 0.045682 0.125806
0 0.564417 0.308366 0.059802 0.092750
0 0.523023 0.270181 0.052651 0.107102
0 0.477576 0.250273 0.044568 0.118250
0 0.431104 0.258833 0.046135 0.113074
0 0.387995 0.282120 0.047250 0.111870
0 0.348133 0.318750 0.046359 0.119833
