0 0.759888 0.485838 0.047589 0.085398
1 0.532685 0.228861 0.032911 0.049426
1 0.573161 0.200792 0.033583 0.045861
1 0.615917 0.190213 0.035469 0.044481
1 0.659229 0.202472 0.035802 0.046852
1 0.697594 0.233903 0.034250 0.048824
1 0.729951 0.282333 0.033359 0.052778
1 0.752247 0.342630 0.032578 0.055556
1 0.764367 0.412412 0.031911 0.057528
1 0.755195 0.552866 0.032036 0.057639
1 0.735706 0.614847 0.031911 0.057176
1 0.708042 0.664829 0.031906 0.056954
1 0.674786 0.702106 0.032552 0.055120
1 0.637346 0.723495 0.032036 0.054435
1 0.561435 0.718005 0.030234 0.053972
1 0.496346 0.650736 0.028307 0.055583
1 0.458263 0.536255 0.024703 0.057639
1 0.452987 0.468097 0.026245 0.057639
1 0.458135 0.398681 0.026760 0.056954
0 0.479503 0.338366 0.051703 0.064583
0 0.475182 0.595495 0.051510 0.066972
0 0.528133 0.685361 0.048245 0.084056
0 0.597904 0.723292 0.056318 0.064917
1 0.499273 0.273750 0.030068 0.050019
