1 0.526596 0.236181 0.032328 0.048380
1 0.565669 0.203926 0.035120 0.046722
1 0.608464 0.192144 0.035583 0.047139
1 0.725333 0.272769 0.034417 0.052093
1 0.763474 0.400324 0.032094 0.059130
1 0.757544 0.542144 0.032328 0.059120
1 0.739646 0.605019 0.032583 0.058463
1 0.712997 0.656940 0.032432 0.057120
1 0.644227 0.721269 0.032130 0.053926
1 0.605865 0.729144 0.030781 0.052583
1 0.531914 0.697778 0.028828 0.055519
1 0.476734 0.607690 0.026875 0.056324
1 0.453013 0.479694 0.026276 0.059796
1 0.469753 0.343690 0.028828 0.054713
0 0.497990 0.288708 0.038365 0.091991
0 0.461297 0.416560 0.035417 0.097935
0 0.462771 0.548083 0.046635 0.074852
0 0.505073 0.654593 0.041125 0.080796
0 0.568625 0.720528 0.037583 0.100037
0 0.678122 0.692194 0.057453 0.068556
0 0.761451 0.476199 0.043089 0.104583
0 0.748055 0.338917 0.064880 0.070426
0 0.689206 0.237329 0.056005 0.073657
0 0.649706 0.210417 0.059870 0.070833
