1 0.547664 0.710370 0.032036 0.055722
1 0.584581 0.726264 0.031109 0.054491
1 0.623354 0.728120 0.032969 0.055722
1 0.661081 0.711611 0.032734 0.053241
1 0.695674 0.680037 0.033203 0.056963
1 0.725625 0.634630 0.032740 0.058611
1 0.748727 0.577264 0.033432 0.057787
1 0.761844 0.510394 0.033667 0.061083
1 0.764630 0.440222 0.034594 0.064389
1 0.757846 0.370653 0.033474 0.058583
1 0.739029 0.305444 0.035724 0.056426
1 0.710240 0.251181 0.035729 0.051491
1 0.674177 0.213287 0.035323 0.048000
1 0.588815 0.194495 0.034922 0.046102
1 0.547443 0.216477 0.033125 0.046898
1 0.510492 0.255468 0.031797 0.050157
1 0.481883 0.309412 0.029224 0.052546
1 0.462964 0.373310 0.027208 0.054935
1 0.454005 0.442676 0.025865 0.057130
1 0.454956 0.511847 0.026651 0.057324
1 0.466435 0.575843 0.026089 0.056333
1 0.486701 0.632472 0.027432 0.055333
0 0.517172 0.670120 0.035969 0.097222
0 0.631641 0.204500 0.046198 0.079537
