1 0.738492 0.608056 0.030870 0.059815
1 0.757221 0.545005 0.032255 0.060120
1 0.765893 0.476870 0.031568 0.059500
1 0.763552 0.403796 0.032781 0.058889
1 0.750198 0.335810 0.033823 0.054880
1 0.725919 0.274616 0.035203 0.053343
1 0.693573 0.228986 0.036073 0.049639
1 0.653773 0.200000 0.036245 0.046556
1 0.611195 0.190597 0.036766 0.046250
1 0.567836 0.203236 0.035380 0.046861
1 0.528557 0.233296 0.032083 0.046556
1 0.495344 0.280935 0.030521 0.051185
1 0.471065 0.340287 0.028443 0.054574
1 0.456409 0.407190 0.027578 0.057657
1 0.453201 0.476565 0.027057 0.058889
1 0.459443 0.544394 0.026708 0.058269
1 0.475313 0.604977 0.027229 0.056731
1 0.499766 0.656773 0.028615 0.056731
1 0.530378 0.695625 0.028786 0.054880
1 0.565063 0.720287 0.030521 0.054259
1 0.603997 0.729694 0.031391 0.052722
1 0.642586 0.721981 0.031911 0.052722
1 0.678745 0.698551 0.032083 0.054565
1 0.711698 0.660009 0.031740 0.055185
