0 0.709898 0.872815 0.048786 0.115370
1 0.535003 0.342606 0.035901 0.056454
1 0.497724 0.379019 0.033135 0.058907
1 0.464818 0.433838 0.032677 0.060546
1 0.442492 0.500935 0.031297 0.065463
1 0.430297 0.577440 0.031760 0.067917
1 0.428685 0.657213 0.031297 0.065463
1 0.439503 0.734944 0.029911 0.063815
1 0.461365 0.808583 0.033135 0.065463
1 0.493120 0.868315 0.034979 0.062185
1 0.533164 0.912088 0.036818 0.059731
1 0.578497 0.936639 0.038203 0.058093
1 0.625672 0.938269 0.039583 0.058093
1 0.671237 0.917819 0.038661 0.059731
1 0.744878 0.815944 0.036818 0.062185
1 0.766049 0.743537 0.036818 0.063000
1 0.776635 0.663759 0.034979 0.067093
1 0.774104 0.581120 0.035437 0.065463
0 0.578727 0.331972 0.041422 0.100648
0 0.622451 0.327880 0.043266 0.107185
0 0.662034 0.350792 0.048786 0.095731
0 0.700693 0.388838 0.047865 0.103102
0 0.732680 0.442023 0.048328 0.103102
0 0.757763 0.504616 0.050630 0.112102
