0 0.583198 0.154250 0.049323 0.128704
0 0.278893 0.381602 0.074786 0.085574
1 0.288638 0.293208 0.040974 0.074250
1 0.313698 0.215769 0.040177 0.074963
1 0.348706 0.150005 0.040974 0.072139
1 0.393258 0.103685 0.041766 0.070019
1 0.442383 0.078579 0.042161 0.070713
1 0.493099 0.078931 0.040969 0.070009
1 0.541232 0.102273 0.041766 0.072843
1 0.622977 0.208347 0.035797 0.070009
1 0.648833 0.286843 0.035802 0.072833
1 0.661362 0.373824 0.035401 0.072833
1 0.662357 0.465051 0.034214 0.072843
1 0.649628 0.552384 0.035005 0.072139
1 0.624568 0.630880 0.036594 0.069296
1 0.589164 0.695588 0.037391 0.062935
1 0.496281 0.764537 0.040969 0.060815
1 0.445565 0.765593 0.042161 0.060111
1 0.396836 0.743319 0.040974 0.062231
1 0.352284 0.698806 0.041766 0.065130
1 0.315490 0.635477 0.041365 0.070009
1 0.290031 0.558398 0.040573 0.071426
1 0.276109 0.472120 0.040573 0.072833
0 0.543221 0.730944 0.048130 0.116685
