0 0.412086 0.758269 0.034984 0.090241
0 0.430917 0.524449 0.049125 0.066157
1 0.407156 0.573176 0.026302 0.050926
1 0.397435 0.635144 0.025276 0.054583
1 0.397755 0.696981 0.025146 0.054815
1 0.425935 0.807296 0.026568 0.055741
1 0.482094 0.879963 0.028510 0.052741
1 0.516495 0.896079 0.029146 0.054583
1 0.552508 0.897690 0.028891 0.054120
1 0.587034 0.883875 0.029797 0.053194
1 0.618966 0.855894 0.029151 0.053435
1 0.645849 0.815472 0.027979 0.055037
1 0.665995 0.765037 0.027333 0.055500
1 0.681474 0.645852 0.026948 0.051593
1 0.674867 0.584472 0.027984 0.052741
1 0.658867 0.528167 0.028891 0.046981
1 0.602060 0.444792 0.031870 0.038694
1 0.564753 0.424986 0.031870 0.034546
1 0.486763 0.438806 0.031089 0.036389
1 0.453016 0.470815 0.029927 0.040074
0 0.499914 0.535435 0.019203 0.041019
0 0.526115 0.434208 0.041531 0.058750
0 0.631880 0.487796 0.056271 0.064833
0 0.674831 0.713023 0.035578 0.099269
0 0.454437 0.845731 0.037813 0.093148
