1 0.514836 0.664319 0.035120 0.084343
1 0.505286 0.562995 0.035740 0.083250
1 0.509292 0.463319 0.036354 0.083250
1 0.528391 0.366375 0.037583 0.082157
1 0.561357 0.282597 0.039432 0.074454
1 0.605102 0.215213 0.044359 0.079963
1 0.659000 0.168111 0.047417 0.079963
1 0.717237 0.145662 0.051755 0.078861
1 0.777313 0.151139 0.052375 0.074481
1 0.835536 0.181810 0.052990 0.076676
1 0.885135 0.241505 0.053604 0.082157
1 0.577682 0.837380 0.042510 0.079963
1 0.625125 0.899273 0.044979 0.078861
1 0.681810 0.936514 0.047443 0.076676
1 0.742193 0.949662 0.048677 0.076676
1 0.801036 0.932681 0.049292 0.075583
1 0.857104 0.888315 0.052990 0.081056
1 0.904544 0.820403 0.051755 0.083250
1 0.939359 0.732227 0.053604 0.086528
1 0.961232 0.631458 0.052984 0.084343
1 0.965544 0.523014 0.054224 0.084343
1 0.954146 0.418954 0.052375 0.084352
0 0.545951 0.750852 0.065307 0.108444
0 0.923031 0.330227 0.082562 0.134731
