1 0.702852 0.671620 0.032359 0.055556
0 0.523310 0.679880 0.048776 0.084037
0 0.482490 0.328907 0.054021 0.071889
1 0.459870 0.388426 0.027240 0.053722
1 0.453169 0.456699 0.026349 0.058491
1 0.456669 0.525773 0.026203 0.058491
1 0.470003 0.588889 0.026797 0.056148
1 0.492188 0.643250 0.027135 0.054963
1 0.555958 0.715009 0.030354 0.052981
1 0.593266 0.727963 0.031802 0.053574
1 0.631573 0.725093 0.031917 0.052981
1 0.668880 0.706611 0.031583 0.054759
1 0.731654 0.624273 0.032578 0.056546
1 0.752503 0.563287 0.031578 0.058315
1 0.764622 0.424866 0.032776 0.060657
1 0.755060 0.354644 0.033255 0.058602
1 0.733966 0.291597 0.034120 0.054843
1 0.703451 0.241023 0.035172 0.051083
1 0.665490 0.206167 0.036135 0.047333
1 0.623250 0.191134 0.036042 0.045620
1 0.579521 0.197792 0.034698 0.045620
1 0.539107 0.222995 0.033828 0.047843
1 0.503932 0.266394 0.031521 0.051602
0 0.759370 0.497727 0.048990 0.082750
