1 0.425839 0.808231 0.026646 0.054778
1 0.564461 0.425130 0.031818 0.034019
1 0.601807 0.443463 0.031521 0.035685
1 0.659255 0.527861 0.029333 0.046204
1 0.675146 0.584019 0.028177 0.048259
1 0.682065 0.646361 0.026526 0.051944
1 0.666690 0.765963 0.027484 0.052963
1 0.646076 0.816620 0.027776 0.054167
1 0.618445 0.855745 0.029026 0.054509
1 0.586779 0.883681 0.028734 0.053991
1 0.552081 0.896755 0.029120 0.053139
1 0.516523 0.895810 0.029505 0.053991
1 0.482211 0.879750 0.029120 0.055019
1 0.397482 0.696282 0.025307 0.055843
1 0.397555 0.634491 0.025755 0.054519
1 0.407008 0.572958 0.026203 0.049491
1 0.453453 0.470671 0.030073 0.039694
1 0.487247 0.438519 0.030964 0.034667
0 0.431052 0.525394 0.050292 0.066139
0 0.526385 0.435060 0.040135 0.055120
0 0.632596 0.488088 0.054807 0.062898
0 0.675182 0.714301 0.037313 0.098583
0 0.454427 0.844972 0.034354 0.092185
0 0.411779 0.758287 0.034224 0.088519
