1 0.341201 0.322398 0.039203 0.064074
0 0.312477 0.387778 0.053161 0.111426
0 0.289206 0.461606 0.063693 0.100250
0 0.277500 0.543130 0.071344 0.080648
0 0.282560 0.627556 0.068276 0.081426
0 0.296365 0.708718 0.068844 0.080898
0 0.316396 0.780093 0.073708 0.084815
0 0.494607 0.890222 0.074005 0.083778
0 0.639211 0.503023 0.064349 0.084083
0 0.596917 0.357731 0.067531 0.082130
1 0.352560 0.845931 0.041609 0.066731
1 0.395872 0.885639 0.040932 0.065222
1 0.444365 0.904963 0.040427 0.065222
1 0.540870 0.871898 0.039302 0.067074
1 0.581648 0.822991 0.039109 0.067778
1 0.614664 0.755560 0.036359 0.069880
1 0.636578 0.677477 0.033802 0.071620
1 0.645813 0.591708 0.033802 0.071972
1 0.625768 0.423310 0.034193 0.071269
1 0.561802 0.298236 0.037927 0.066380
1 0.519940 0.261028 0.039109 0.063241
1 0.473466 0.244606 0.040089 0.063231
1 0.426820 0.250838 0.038964 0.063139
1 0.381323 0.277968 0.039990 0.065954
