0 0.491078 0.254847 0.045260 0.057657
1 0.615841 0.189856 0.028964 0.038843
1 0.646703 0.215130 0.027208 0.038926
1 0.689130 0.303222 0.026302 0.044685
1 0.698456 0.358954 0.024484 0.046981
1 0.699628 0.416856 0.024484 0.047824
1 0.677089 0.524019 0.025594 0.045648
1 0.655802 0.567662 0.026010 0.043713
1 0.629500 0.599921 0.025260 0.043713
1 0.599599 0.619477 0.025677 0.042676
1 0.568279 0.626315 0.025089 0.041481
1 0.537331 0.619028 0.024922 0.041185
1 0.508768 0.598958 0.024339 0.044750
1 0.463677 0.521185 0.020208 0.048833
1 0.447031 0.410866 0.018781 0.048824
1 0.451307 0.352602 0.021375 0.047907
1 0.465297 0.295944 0.022667 0.046056
1 0.514526 0.209463 0.026302 0.040759
1 0.547237 0.186546 0.029276 0.037778
0 0.582214 0.188731 0.034198 0.063796
0 0.669529 0.260130 0.047672 0.061037
0 0.688898 0.475699 0.032255 0.087287
0 0.486828 0.562241 0.031219 0.071222
0 0.455872 0.470060 0.027922 0.084787
