1 0.327906 0.256255 0.051875 0.086454
0 0.294594 0.347042 0.069792 0.152787
0 0.448682 0.168583 0.089458 0.102815
0 0.616076 0.232037 0.089911 0.094778
0 0.710503 0.585852 0.078161 0.122889
0 0.693560 0.677417 0.079516 0.110037
0 0.669161 0.765370 0.077708 0.114056
0 0.589193 0.901509 0.054219 0.159833
0 0.537010 0.928468 0.055573 0.143065
0 0.269992 0.662157 0.074547 0.142167
0 0.262313 0.556940 0.068219 0.158231
1 0.380708 0.191245 0.052302 0.077750
1 0.505224 0.147759 0.051906 0.075667
1 0.566802 0.170949 0.051781 0.076824
1 0.665060 0.293843 0.049526 0.078444
1 0.694951 0.383560 0.047078 0.084935
1 0.711107 0.481620 0.047432 0.083389
1 0.636885 0.841991 0.046750 0.084759
1 0.481643 0.944940 0.047911 0.088065
1 0.425125 0.935227 0.048375 0.090139
1 0.371284 0.899870 0.048609 0.089722
1 0.323607 0.839505 0.046745 0.088898
1 0.286628 0.760532 0.047214 0.093028
1 0.262518 0.447745 0.047911 0.092861
