0 0.506031 0.230051 0.032573 0.066213
0 0.534773 0.202370 0.042047 0.052370
0 0.568255 0.187602 0.036333 0.064833
0 0.602190 0.189792 0.033089 0.073824
0 0.633401 0.209176 0.038417 0.071519
0 0.661945 0.244241 0.051401 0.053981
0 0.681609 0.287958 0.048146 0.053750
0 0.694201 0.341713 0.046068 0.058833
0 0.698740 0.396968 0.047365 0.055824
0 0.691799 0.451648 0.044380 0.054444
0 0.451161 0.379019 0.041385 0.054852
0 0.463281 0.322204 0.033302 0.060519
0 0.680378 0.502977 0.037891 0.069435
0 0.660911 0.548426 0.041010 0.060222
0 0.639695 0.584880 0.040099 0.064833
0 0.611729 0.611870 0.029844 0.077741
0 0.581297 0.624213 0.029979 0.078907
0 0.551508 0.622481 0.029859 0.080519
0 0.522049 0.606796 0.029339 0.081907
0 0.495448 0.579338 0.029083 0.083287
0 0.474164 0.539199 0.034536 0.069435
0 0.459039 0.490981 0.029568 0.079815
0 0.452997 0.435181 0.035755 0.056602
0 0.481438 0.267889 0.029073 0.078667
