1 0.747182 0.477769 0.030417 0.062444
1 0.456404 0.438931 0.029036 0.060472
1 0.447831 0.505301 0.027932 0.059491
1 0.458617 0.638528 0.028484 0.060463
1 0.478940 0.696782 0.030422 0.057028
1 0.506734 0.744718 0.031802 0.053583
1 0.582089 0.799782 0.034844 0.048676
1 0.623430 0.797074 0.035120 0.051130
1 0.662701 0.776181 0.034016 0.049657
1 0.697820 0.737347 0.033464 0.052602
1 0.744000 0.618620 0.032354 0.060963
1 0.751055 0.549296 0.030422 0.061944
1 0.733771 0.411894 0.032354 0.062435
1 0.710266 0.355847 0.032906 0.062435
1 0.644586 0.281120 0.033734 0.056537
1 0.606839 0.269565 0.031802 0.052111
1 0.568401 0.274481 0.031802 0.053093
0 0.478904 0.381370 0.050766 0.064019
0 0.449391 0.568333 0.052333 0.065759
0 0.542852 0.772963 0.053911 0.069259
0 0.721706 0.681495 0.040141 0.102491
0 0.680672 0.317708 0.058458 0.069602
0 0.534094 0.297486 0.040646 0.091602
1 0.500234 0.330773 0.030417 0.054565
