0 0.732643 0.607444 0.058630 0.066111
0 0.676076 0.692616 0.039943 0.099343
0 0.639083 0.715880 0.049385 0.081500
1 0.711305 0.661273 0.032505 0.056009
1 0.756656 0.547472 0.031708 0.059574
1 0.765484 0.478977 0.032104 0.060287
1 0.763781 0.406741 0.031906 0.057796
1 0.751036 0.337361 0.033708 0.056722
1 0.727560 0.277602 0.034911 0.052796
1 0.694549 0.229977 0.035516 0.046731
1 0.655320 0.200019 0.036922 0.046019
1 0.612779 0.191273 0.035318 0.044954
1 0.569237 0.202509 0.035318 0.047444
1 0.529706 0.231588 0.033307 0.049231
1 0.496396 0.278671 0.030906 0.052083
1 0.471815 0.338074 0.028297 0.055296
1 0.457167 0.404782 0.027094 0.057435
1 0.453154 0.474880 0.026286 0.059926
1 0.459073 0.542301 0.026083 0.058509
1 0.475018 0.603398 0.027432 0.055963
1 0.498549 0.655227 0.028026 0.056231
1 0.529052 0.694264 0.030281 0.055954
1 0.564276 0.719847 0.031479 0.054898
1 0.601901 0.729704 0.031479 0.053833
